Time ch_1 ch_2 ch_3 ch_4 ch_5 ch_6 ch_7 ch_8 
735155.752450 0.587785 0.587785 0.587785 0.587785 0.587785 0.587785 0.587785 0.587785 
735155.760561 0.951057 0.951057 0.951057 0.951057 0.951057 0.951057 0.951057 0.951057 
735155.775318 0.951057 0.951057 0.951057 0.951057 0.951057 0.951057 0.951057 0.951057 
735155.793692 0.587785 0.587785 0.587785 0.587785 0.587785 0.587785 0.587785 0.587785 
735155.812372 0.000000 0.000000 0.000000 0.000000 0.000000 0.000000 0.000000 0.000000 
735155.834294 -0.587785 -0.587785 -0.587785 -0.587785 -0.587785 -0.587785 -0.587785 -0.587785 
735155.852210 -0.951057 -0.951057 -0.951057 -0.951057 -0.951057 -0.951057 -0.951057 -0.951057 
735155.886438 -0.951057 -0.951057 -0.951057 -0.951057 -0.951057 -0.951057 -0.951057 -0.951057 
735155.896398 -0.587785 -0.587785 -0.587785 -0.587785 -0.587785 -0.587785 -0.587785 -0.587785 
735155.905009 -0.000000 -0.000000 -0.000000 -0.000000 -0.000000 -0.000000 -0.000000 -0.000000 
735155.917109 0.587785 0.587785 0.587785 0.587785 0.587785 0.587785 0.587785 0.587785 
735155.926935 0.951057 0.951057 0.951057 0.951057 0.951057 0.951057 0.951057 0.951057 
735155.935361 0.951057 0.951057 0.951057 0.951057 0.951057 0.951057 0.951057 0.951057 
735155.943804 0.587785 0.587785 0.587785 0.587785 0.587785 0.587785 0.587785 0.587785 
735155.952660 0.000000 0.000000 0.000000 0.000000 0.000000 0.000000 0.000000 0.000000 
735155.962005 -0.587785 -0.587785 -0.587785 -0.587785 -0.587785 -0.587785 -0.587785 -0.587785 
735155.972320 -0.951057 -0.951057 -0.951057 -0.951057 -0.951057 -0.951057 -0.951057 -0.951057 
735155.982631 -0.951057 -0.951057 -0.951057 -0.951057 -0.951057 -0.951057 -0.951057 -0.951057 
735155.992821 -0.587785 -0.587785 -0.587785 -0.587785 -0.587785 -0.587785 -0.587785 -0.587785 
735156.011354 -0.000000 -0.000000 -0.000000 -0.000000 -0.000000 -0.000000 -0.000000 -0.000000 
735156.026014 0.587785 0.587785 0.587785 0.587785 0.587785 0.587785 0.587785 0.587785 
735156.035770 0.951057 0.951057 0.951057 0.951057 0.951057 0.951057 0.951057 0.951057 
735156.044188 0.951057 0.951057 0.951057 0.951057 0.951057 0.951057 0.951057 0.951057 
735156.052357 0.587785 0.587785 0.587785 0.587785 0.587785 0.587785 0.587785 0.587785 
735156.061862 0.000000 0.000000 0.000000 0.000000 0.000000 0.000000 0.000000 0.000000 
735156.071449 -0.587785 -0.587785 -0.587785 -0.587785 -0.587785 -0.587785 -0.587785 -0.587785 
735156.082578 -0.951057 -0.951057 -0.951057 -0.951057 -0.951057 -0.951057 -0.951057 -0.951057 
735156.092726 -0.951057 -0.951057 -0.951057 -0.951057 -0.951057 -0.951057 -0.951057 -0.951057 
735156.102024 -0.587785 -0.587785 -0.587785 -0.587785 -0.587785 -0.587785 -0.587785 -0.587785 
735156.111996 -0.000000 -0.000000 -0.000000 -0.000000 -0.000000 -0.000000 -0.000000 -0.000000 
735156.121262 0.587785 0.587785 0.587785 0.587785 0.587785 0.587785 0.587785 0.587785 
735156.132507 0.951057 0.951057 0.951057 0.951057 0.951057 0.951057 0.951057 0.951057 
735156.141934 0.951057 0.951057 0.951057 0.951057 0.951057 0.951057 0.951057 0.951057 
735156.152369 0.587785 0.587785 0.587785 0.587785 0.587785 0.587785 0.587785 0.587785 
735156.161369 0.000000 0.000000 0.000000 0.000000 0.000000 0.000000 0.000000 0.000000 
735156.171816 -0.587785 -0.587785 -0.587785 -0.587785 -0.587785 -0.587785 -0.587785 -0.587785 
735156.182354 -0.951057 -0.951057 -0.951057 -0.951057 -0.951057 -0.951057 -0.951057 -0.951057 
735156.192317 -0.951057 -0.951057 -0.951057 -0.951057 -0.951057 -0.951057 -0.951057 -0.951057 
735156.201473 -0.587785 -0.587785 -0.587785 -0.587785 -0.587785 -0.587785 -0.587785 -0.587785 
735156.211821 -0.000000 -0.000000 -0.000000 -0.000000 -0.000000 -0.000000 -0.000000 -0.000000 
735156.221598 0.000000 0.000000 0.000000 0.000000 0.000000 0.000000 0.000000 0.000000 
735156.232256 0.587785 0.587785 0.587785 0.587785 0.587785 0.587785 0.587785 0.587785 
735156.241745 0.951057 0.951057 0.951057 0.951057 0.951057 0.951057 0.951057 0.951057 
735156.251331 0.951057 0.951057 0.951057 0.951057 0.951057 0.951057 0.951057 0.951057 
735156.263211 0.587785 0.587785 0.587785 0.587785 0.587785 0.587785 0.587785 0.587785 
735156.272768 0.000000 0.000000 0.000000 0.000000 0.000000 0.000000 0.000000 0.000000 
735156.282098 -0.587785 -0.587785 -0.587785 -0.587785 -0.587785 -0.587785 -0.587785 -0.587785 
735156.291722 -0.951057 -0.951057 -0.951057 -0.951057 -0.951057 -0.951057 -0.951057 -0.951057 
735156.301937 -0.951057 -0.951057 -0.951057 -0.951057 -0.951057 -0.951057 -0.951057 -0.951057 
735156.311804 -0.587785 -0.587785 -0.587785 -0.587785 -0.587785 -0.587785 -0.587785 -0.587785 
735156.322152 -0.000000 -0.000000 -0.000000 -0.000000 -0.000000 -0.000000 -0.000000 -0.000000 
735156.332100 0.587785 0.587785 0.587785 0.587785 0.587785 0.587785 0.587785 0.587785 
735156.342689 0.951057 0.951057 0.951057 0.951057 0.951057 0.951057 0.951057 0.951057 
735156.352007 0.951057 0.951057 0.951057 0.951057 0.951057 0.951057 0.951057 0.951057 
735156.360939 0.587785 0.587785 0.587785 0.587785 0.587785 0.587785 0.587785 0.587785 
735156.372143 0.000000 0.000000 0.000000 0.000000 0.000000 0.000000 0.000000 0.000000 
735156.381463 -0.587785 -0.587785 -0.587785 -0.587785 -0.587785 -0.587785 -0.587785 -0.587785 
735156.392153 -0.951057 -0.951057 -0.951057 -0.951057 -0.951057 -0.951057 -0.951057 -0.951057 
735156.400683 -0.951057 -0.951057 -0.951057 -0.951057 -0.951057 -0.951057 -0.951057 -0.951057 
735156.410529 -0.587785 -0.587785 -0.587785 -0.587785 -0.587785 -0.587785 -0.587785 -0.587785 
735156.420575 -0.000000 -0.000000 -0.000000 -0.000000 -0.000000 -0.000000 -0.000000 -0.000000 
735156.430498 0.587785 0.587785 0.587785 0.587785 0.587785 0.587785 0.587785 0.587785 
735156.442282 0.951057 0.951057 0.951057 0.951057 0.951057 0.951057 0.951057 0.951057 
735156.451861 0.951057 0.951057 0.951057 0.951057 0.951057 0.951057 0.951057 0.951057 
735156.461632 0.587785 0.587785 0.587785 0.587785 0.587785 0.587785 0.587785 0.587785 
735156.470744 0.000000 0.000000 0.000000 0.000000 0.000000 0.000000 0.000000 0.000000 
735156.480283 -0.587785 -0.587785 -0.587785 -0.587785 -0.587785 -0.587785 -0.587785 -0.587785 
735156.490789 -0.951057 -0.951057 -0.951057 -0.951057 -0.951057 -0.951057 -0.951057 -0.951057 
735156.500639 -0.951057 -0.951057 -0.951057 -0.951057 -0.951057 -0.951057 -0.951057 -0.951057 
735156.510347 -0.587785 -0.587785 -0.587785 -0.587785 -0.587785 -0.587785 -0.587785 -0.587785 
735156.520617 -0.000000 -0.000000 -0.000000 -0.000000 -0.000000 -0.000000 -0.000000 -0.000000 
735156.530396 0.587785 0.587785 0.587785 0.587785 0.587785 0.587785 0.587785 0.587785 
735156.541785 0.951057 0.951057 0.951057 0.951057 0.951057 0.951057 0.951057 0.951057 
735156.551002 0.951057 0.951057 0.951057 0.951057 0.951057 0.951057 0.951057 0.951057 
735156.561654 0.587785 0.587785 0.587785 0.587785 0.587785 0.587785 0.587785 0.587785 
735156.570907 -0.000000 -0.000000 -0.000000 -0.000000 -0.000000 -0.000000 -0.000000 -0.000000 
735156.580408 -0.587785 -0.587785 -0.587785 -0.587785 -0.587785 -0.587785 -0.587785 -0.587785 
735156.592126 -0.951057 -0.951057 -0.951057 -0.951057 -0.951057 -0.951057 -0.951057 -0.951057 
735156.600993 -0.951057 -0.951057 -0.951057 -0.951057 -0.951057 -0.951057 -0.951057 -0.951057 
735156.611588 -0.587785 -0.587785 -0.587785 -0.587785 -0.587785 -0.587785 -0.587785 -0.587785 
735156.621375 -0.000000 -0.000000 -0.000000 -0.000000 -0.000000 -0.000000 -0.000000 -0.000000 
735156.630699 0.587785 0.587785 0.587785 0.587785 0.587785 0.587785 0.587785 0.587785 
735156.640681 0.951057 0.951057 0.951057 0.951057 0.951057 0.951057 0.951057 0.951057 
735156.650247 0.951057 0.951057 0.951057 0.951057 0.951057 0.951057 0.951057 0.951057 
735156.660957 0.587785 0.587785 0.587785 0.587785 0.587785 0.587785 0.587785 0.587785 
735156.670940 0.000000 0.000000 0.000000 0.000000 0.000000 0.000000 0.000000 0.000000 
735156.681423 -0.587785 -0.587785 -0.587785 -0.587785 -0.587785 -0.587785 -0.587785 -0.587785 
735156.691383 -0.951057 -0.951057 -0.951057 -0.951057 -0.951057 -0.951057 -0.951057 -0.951057 
735156.718472 -0.951057 -0.951057 -0.951057 -0.951057 -0.951057 -0.951057 -0.951057 -0.951057 
735156.738432 -0.587785 -0.587785 -0.587785 -0.587785 -0.587785 -0.587785 -0.587785 -0.587785 
735156.741235 -0.000000 -0.000000 -0.000000 -0.000000 -0.000000 -0.000000 -0.000000 -0.000000 
735156.752016 0.587785 0.587785 0.587785 0.587785 0.587785 0.587785 0.587785 0.587785 
735156.762005 0.951057 0.951057 0.951057 0.951057 0.951057 0.951057 0.951057 0.951057 
735156.778162 0.951057 0.951057 0.951057 0.951057 0.951057 0.951057 0.951057 0.951057 
735156.788496 0.587785 0.587785 0.587785 0.587785 0.587785 0.587785 0.587785 0.587785 
735156.797630 -0.000000 -0.000000 -0.000000 -0.000000 -0.000000 -0.000000 -0.000000 -0.000000 
735156.806406 -0.587785 -0.587785 -0.587785 -0.587785 -0.587785 -0.587785 -0.587785 -0.587785 
735156.814806 -0.951057 -0.951057 -0.951057 -0.951057 -0.951057 -0.951057 -0.951057 -0.951057 
735156.823007 -0.951057 -0.951057 -0.951057 -0.951057 -0.951057 -0.951057 -0.951057 -0.951057 
735156.831247 -0.587785 -0.587785 -0.587785 -0.587785 -0.587785 -0.587785 -0.587785 -0.587785 
735156.841750 -0.000000 -0.000000 -0.000000 -0.000000 -0.000000 -0.000000 -0.000000 -0.000000 
735156.851426 0.587785 0.587785 0.587785 0.587785 0.587785 0.587785 0.587785 0.587785 
735156.861149 0.951057 0.951057 0.951057 0.951057 0.951057 0.951057 0.951057 0.951057 
735156.872051 0.951057 0.951057 0.951057 0.951057 0.951057 0.951057 0.951057 0.951057 
735156.881393 0.587785 0.587785 0.587785 0.587785 0.587785 0.587785 0.587785 0.587785 
735156.892913 0.000000 0.000000 0.000000 0.000000 0.000000 0.000000 0.000000 0.000000 
735156.901892 -0.587785 -0.587785 -0.587785 -0.587785 -0.587785 -0.587785 -0.587785 -0.587785 
735156.912893 -0.951057 -0.951057 -0.951057 -0.951057 -0.951057 -0.951057 -0.951057 -0.951057 
735156.921161 -0.951057 -0.951057 -0.951057 -0.951057 -0.951057 -0.951057 -0.951057 -0.951057 
735156.930408 -0.587785 -0.587785 -0.587785 -0.587785 -0.587785 -0.587785 -0.587785 -0.587785 
735156.941103 -0.000000 -0.000000 -0.000000 -0.000000 -0.000000 -0.000000 -0.000000 -0.000000 
735156.950547 0.587785 0.587785 0.587785 0.587785 0.587785 0.587785 0.587785 0.587785 
735156.961740 0.951057 0.951057 0.951057 0.951057 0.951057 0.951057 0.951057 0.951057 
735156.972172 0.951057 0.951057 0.951057 0.951057 0.951057 0.951057 0.951057 0.951057 
735156.981255 0.587785 0.587785 0.587785 0.587785 0.587785 0.587785 0.587785 0.587785 
735156.991868 0.000000 0.000000 0.000000 0.000000 0.000000 0.000000 0.000000 0.000000 
735157.001503 -0.587785 -0.587785 -0.587785 -0.587785 -0.587785 -0.587785 -0.587785 -0.587785 
735157.011510 -0.951057 -0.951057 -0.951057 -0.951057 -0.951057 -0.951057 -0.951057 -0.951057 
735157.020422 -0.951057 -0.951057 -0.951057 -0.951057 -0.951057 -0.951057 -0.951057 -0.951057 
735157.030672 -0.587785 -0.587785 -0.587785 -0.587785 -0.587785 -0.587785 -0.587785 -0.587785 
735157.041854 -0.000000 -0.000000 -0.000000 -0.000000 -0.000000 -0.000000 -0.000000 -0.000000 
735157.050569 0.587785 0.587785 0.587785 0.587785 0.587785 0.587785 0.587785 0.587785 
735157.061174 0.951057 0.951057 0.951057 0.951057 0.951057 0.951057 0.951057 0.951057 
735157.071820 0.951057 0.951057 0.951057 0.951057 0.951057 0.951057 0.951057 0.951057 
735157.082074 0.587785 0.587785 0.587785 0.587785 0.587785 0.587785 0.587785 0.587785 
735157.092255 0.000000 0.000000 0.000000 0.000000 0.000000 0.000000 0.000000 0.000000 
735157.101202 -0.587785 -0.587785 -0.587785 -0.587785 -0.587785 -0.587785 -0.587785 -0.587785 
735157.110991 -0.951057 -0.951057 -0.951057 -0.951057 -0.951057 -0.951057 -0.951057 -0.951057 
735157.121201 -0.951057 -0.951057 -0.951057 -0.951057 -0.951057 -0.951057 -0.951057 -0.951057 
735157.131783 -0.587785 -0.587785 -0.587785 -0.587785 -0.587785 -0.587785 -0.587785 -0.587785 
735157.142241 -0.000000 -0.000000 -0.000000 -0.000000 -0.000000 -0.000000 -0.000000 -0.000000 
735157.151101 0.587785 0.587785 0.587785 0.587785 0.587785 0.587785 0.587785 0.587785 
735157.160528 0.951057 0.951057 0.951057 0.951057 0.951057 0.951057 0.951057 0.951057 
735157.170681 0.951057 0.951057 0.951057 0.951057 0.951057 0.951057 0.951057 0.951057 
735157.182157 0.587785 0.587785 0.587785 0.587785 0.587785 0.587785 0.587785 0.587785 
735157.192674 0.000000 0.000000 0.000000 0.000000 0.000000 0.000000 0.000000 0.000000 
735157.201583 -0.587785 -0.587785 -0.587785 -0.587785 -0.587785 -0.587785 -0.587785 -0.587785 
735157.211151 -0.951057 -0.951057 -0.951057 -0.951057 -0.951057 -0.951057 -0.951057 -0.951057 
735157.220749 -0.951057 -0.951057 -0.951057 -0.951057 -0.951057 -0.951057 -0.951057 -0.951057 
735157.230499 -0.587785 -0.587785 -0.587785 -0.587785 -0.587785 -0.587785 -0.587785 -0.587785 
735157.241067 -0.000000 -0.000000 -0.000000 -0.000000 -0.000000 -0.000000 -0.000000 -0.000000 
735157.251167 0.000000 0.000000 0.000000 0.000000 0.000000 0.000000 0.000000 0.000000 
735157.261051 0.587785 0.587785 0.587785 0.587785 0.587785 0.587785 0.587785 0.587785 
735157.271393 0.951057 0.951057 0.951057 0.951057 0.951057 0.951057 0.951057 0.951057 
735157.280519 0.951057 0.951057 0.951057 0.951057 0.951057 0.951057 0.951057 0.951057 
735157.290992 0.587785 0.587785 0.587785 0.587785 0.587785 0.587785 0.587785 0.587785 
735157.300635 0.000000 0.000000 0.000000 0.000000 0.000000 0.000000 0.000000 0.000000 
735157.310971 -0.587785 -0.587785 -0.587785 -0.587785 -0.587785 -0.587785 -0.587785 -0.587785 
735157.320457 -0.951057 -0.951057 -0.951057 -0.951057 -0.951057 -0.951057 -0.951057 -0.951057 
735157.330843 -0.951057 -0.951057 -0.951057 -0.951057 -0.951057 -0.951057 -0.951057 -0.951057 
735157.340957 -0.587785 -0.587785 -0.587785 -0.587785 -0.587785 -0.587785 -0.587785 -0.587785 
735157.350760 -0.000000 -0.000000 -0.000000 -0.000000 -0.000000 -0.000000 -0.000000 -0.000000 
735157.360525 0.587785 0.587785 0.587785 0.587785 0.587785 0.587785 0.587785 0.587785 
735157.370551 0.951057 0.951057 0.951057 0.951057 0.951057 0.951057 0.951057 0.951057 
735157.381795 0.951057 0.951057 0.951057 0.951057 0.951057 0.951057 0.951057 0.951057 
735157.391620 0.587785 0.587785 0.587785 0.587785 0.587785 0.587785 0.587785 0.587785 
735157.401974 0.000000 0.000000 0.000000 0.000000 0.000000 0.000000 0.000000 0.000000 
735157.410569 -0.587785 -0.587785 -0.587785 -0.587785 -0.587785 -0.587785 -0.587785 -0.587785 
735157.420619 -0.951057 -0.951057 -0.951057 -0.951057 -0.951057 -0.951057 -0.951057 -0.951057 
735157.431076 -0.951057 -0.951057 -0.951057 -0.951057 -0.951057 -0.951057 -0.951057 -0.951057 
735157.441161 -0.587785 -0.587785 -0.587785 -0.587785 -0.587785 -0.587785 -0.587785 -0.587785 
735157.450883 -0.000000 -0.000000 -0.000000 -0.000000 -0.000000 -0.000000 -0.000000 -0.000000 
735157.461535 0.587785 0.587785 0.587785 0.587785 0.587785 0.587785 0.587785 0.587785 
735157.471131 0.951057 0.951057 0.951057 0.951057 0.951057 0.951057 0.951057 0.951057 
735157.480711 0.951057 0.951057 0.951057 0.951057 0.951057 0.951057 0.951057 0.951057 
735157.491395 0.587785 0.587785 0.587785 0.587785 0.587785 0.587785 0.587785 0.587785 
735157.500926 0.000000 0.000000 0.000000 0.000000 0.000000 0.000000 0.000000 0.000000 
735157.511644 -0.587785 -0.587785 -0.587785 -0.587785 -0.587785 -0.587785 -0.587785 -0.587785 
735157.521002 -0.951057 -0.951057 -0.951057 -0.951057 -0.951057 -0.951057 -0.951057 -0.951057 
735157.531636 -0.951057 -0.951057 -0.951057 -0.951057 -0.951057 -0.951057 -0.951057 -0.951057 
735157.540781 -0.587785 -0.587785 -0.587785 -0.587785 -0.587785 -0.587785 -0.587785 -0.587785 
735157.550674 -0.000000 -0.000000 -0.000000 -0.000000 -0.000000 -0.000000 -0.000000 -0.000000 
735157.561815 0.587785 0.587785 0.587785 0.587785 0.587785 0.587785 0.587785 0.587785 
735157.571510 0.951057 0.951057 0.951057 0.951057 0.951057 0.951057 0.951057 0.951057 
735157.582101 0.951057 0.951057 0.951057 0.951057 0.951057 0.951057 0.951057 0.951057 
735157.591797 0.587785 0.587785 0.587785 0.587785 0.587785 0.587785 0.587785 0.587785 
735157.601291 -0.000000 -0.000000 -0.000000 -0.000000 -0.000000 -0.000000 -0.000000 -0.000000 
735157.611144 -0.587785 -0.587785 -0.587785 -0.587785 -0.587785 -0.587785 -0.587785 -0.587785 
735157.620754 -0.951057 -0.951057 -0.951057 -0.951057 -0.951057 -0.951057 -0.951057 -0.951057 
735157.630667 -0.951057 -0.951057 -0.951057 -0.951057 -0.951057 -0.951057 -0.951057 -0.951057 
735157.640862 -0.587785 -0.587785 -0.587785 -0.587785 -0.587785 -0.587785 -0.587785 -0.587785 
735157.650933 -0.000000 -0.000000 -0.000000 -0.000000 -0.000000 -0.000000 -0.000000 -0.000000 
735157.661658 0.587785 0.587785 0.587785 0.587785 0.587785 0.587785 0.587785 0.587785 
735157.671522 0.951057 0.951057 0.951057 0.951057 0.951057 0.951057 0.951057 0.951057 
735157.680650 0.951057 0.951057 0.951057 0.951057 0.951057 0.951057 0.951057 0.951057 
735157.692396 0.587785 0.587785 0.587785 0.587785 0.587785 0.587785 0.587785 0.587785 
735157.714704 0.000000 0.000000 0.000000 0.000000 0.000000 0.000000 0.000000 0.000000 
735157.743262 -0.587785 -0.587785 -0.587785 -0.587785 -0.587785 -0.587785 -0.587785 -0.587785 
735157.754955 -0.951057 -0.951057 -0.951057 -0.951057 -0.951057 -0.951057 -0.951057 -0.951057 
735157.775374 -0.951057 -0.951057 -0.951057 -0.951057 -0.951057 -0.951057 -0.951057 -0.951057 
735157.785601 -0.587785 -0.587785 -0.587785 -0.587785 -0.587785 -0.587785 -0.587785 -0.587785 
735157.794614 -0.000000 -0.000000 -0.000000 -0.000000 -0.000000 -0.000000 -0.000000 -0.000000 
735157.802891 0.587785 0.587785 0.587785 0.587785 0.587785 0.587785 0.587785 0.587785 
735157.812406 0.951057 0.951057 0.951057 0.951057 0.951057 0.951057 0.951057 0.951057 
735157.821936 0.951057 0.951057 0.951057 0.951057 0.951057 0.951057 0.951057 0.951057 
735157.831195 0.587785 0.587785 0.587785 0.587785 0.587785 0.587785 0.587785 0.587785 
735157.841503 -0.000000 -0.000000 -0.000000 -0.000000 -0.000000 -0.000000 -0.000000 -0.000000 
735157.850804 -0.587785 -0.587785 -0.587785 -0.587785 -0.587785 -0.587785 -0.587785 -0.587785 
735157.862027 -0.951057 -0.951057 -0.951057 -0.951057 -0.951057 -0.951057 -0.951057 -0.951057 
735157.871781 -0.951057 -0.951057 -0.951057 -0.951057 -0.951057 -0.951057 -0.951057 -0.951057 
735157.881354 -0.587785 -0.587785 -0.587785 -0.587785 -0.587785 -0.587785 -0.587785 -0.587785 
735157.890880 -0.000000 -0.000000 -0.000000 -0.000000 -0.000000 -0.000000 -0.000000 -0.000000 
735157.901917 0.587785 0.587785 0.587785 0.587785 0.587785 0.587785 0.587785 0.587785 
735157.911664 0.951057 0.951057 0.951057 0.951057 0.951057 0.951057 0.951057 0.951057 
735157.922202 0.951057 0.951057 0.951057 0.951057 0.951057 0.951057 0.951057 0.951057 
735157.931057 0.587785 0.587785 0.587785 0.587785 0.587785 0.587785 0.587785 0.587785 
735157.941174 0.000000 0.000000 0.000000 0.000000 0.000000 0.000000 0.000000 0.000000 
735157.950988 -0.587785 -0.587785 -0.587785 -0.587785 -0.587785 -0.587785 -0.587785 -0.587785 
735157.962146 -0.951057 -0.951057 -0.951057 -0.951057 -0.951057 -0.951057 -0.951057 -0.951057 
735157.971767 -0.951057 -0.951057 -0.951057 -0.951057 -0.951057 -0.951057 -0.951057 -0.951057 
735157.981845 -0.587785 -0.587785 -0.587785 -0.587785 -0.587785 -0.587785 -0.587785 -0.587785 
735157.991732 -0.000000 -0.000000 -0.000000 -0.000000 -0.000000 -0.000000 -0.000000 -0.000000 
735158.001572 0.587785 0.587785 0.587785 0.587785 0.587785 0.587785 0.587785 0.587785 
735158.010783 0.951057 0.951057 0.951057 0.951057 0.951057 0.951057 0.951057 0.951057 
735158.020890 0.951057 0.951057 0.951057 0.951057 0.951057 0.951057 0.951057 0.951057 
735158.031693 0.587785 0.587785 0.587785 0.587785 0.587785 0.587785 0.587785 0.587785 
735158.042287 0.000000 0.000000 0.000000 0.000000 0.000000 0.000000 0.000000 0.000000 
735158.051004 -0.587785 -0.587785 -0.587785 -0.587785 -0.587785 -0.587785 -0.587785 -0.587785 
735158.060752 -0.951057 -0.951057 -0.951057 -0.951057 -0.951057 -0.951057 -0.951057 -0.951057 
735158.070816 -0.951057 -0.951057 -0.951057 -0.951057 -0.951057 -0.951057 -0.951057 -0.951057 
735158.082017 -0.587785 -0.587785 -0.587785 -0.587785 -0.587785 -0.587785 -0.587785 -0.587785 
735158.091347 -0.000000 -0.000000 -0.000000 -0.000000 -0.000000 -0.000000 -0.000000 -0.000000 
735158.101905 0.587785 0.587785 0.587785 0.587785 0.587785 0.587785 0.587785 0.587785 
735158.111699 0.951057 0.951057 0.951057 0.951057 0.951057 0.951057 0.951057 0.951057 
735158.121455 0.951057 0.951057 0.951057 0.951057 0.951057 0.951057 0.951057 0.951057 
735158.132344 0.587785 0.587785 0.587785 0.587785 0.587785 0.587785 0.587785 0.587785 
735158.141421 0.000000 0.000000 0.000000 0.000000 0.000000 0.000000 0.000000 0.000000 
735158.151335 -0.587785 -0.587785 -0.587785 -0.587785 -0.587785 -0.587785 -0.587785 -0.587785 
735158.161985 -0.951057 -0.951057 -0.951057 -0.951057 -0.951057 -0.951057 -0.951057 -0.951057 
735158.170772 -0.951057 -0.951057 -0.951057 -0.951057 -0.951057 -0.951057 -0.951057 -0.951057 
735158.180877 -0.587785 -0.587785 -0.587785 -0.587785 -0.587785 -0.587785 -0.587785 -0.587785 
735158.192120 -0.000000 -0.000000 -0.000000 -0.000000 -0.000000 -0.000000 -0.000000 -0.000000 
735158.201122 0.587785 0.587785 0.587785 0.587785 0.587785 0.587785 0.587785 0.587785 
735158.211742 0.951057 0.951057 0.951057 0.951057 0.951057 0.951057 0.951057 0.951057 
735158.220989 0.951057 0.951057 0.951057 0.951057 0.951057 0.951057 0.951057 0.951057 
735158.230958 0.587785 0.587785 0.587785 0.587785 0.587785 0.587785 0.587785 0.587785 
735158.242642 0.000000 0.000000 0.000000 0.000000 0.000000 0.000000 0.000000 0.000000 
735158.251077 -0.587785 -0.587785 -0.587785 -0.587785 -0.587785 -0.587785 -0.587785 -0.587785 
735158.260800 -0.951057 -0.951057 -0.951057 -0.951057 -0.951057 -0.951057 -0.951057 -0.951057 
735158.270803 -0.951057 -0.951057 -0.951057 -0.951057 -0.951057 -0.951057 -0.951057 -0.951057 
735158.282274 -0.587785 -0.587785 -0.587785 -0.587785 -0.587785 -0.587785 -0.587785 -0.587785 
735158.292274 -0.000000 -0.000000 -0.000000 -0.000000 -0.000000 -0.000000 -0.000000 -0.000000 
735158.301515 0.000000 0.000000 0.000000 0.000000 0.000000 0.000000 0.000000 0.000000 
735158.310906 0.587785 0.587785 0.587785 0.587785 0.587785 0.587785 0.587785 0.587785 
735158.322464 0.951057 0.951057 0.951057 0.951057 0.951057 0.951057 0.951057 0.951057 
735158.331546 0.951057 0.951057 0.951057 0.951057 0.951057 0.951057 0.951057 0.951057 
735158.341429 0.587785 0.587785 0.587785 0.587785 0.587785 0.587785 0.587785 0.587785 
735158.350824 0.000000 0.000000 0.000000 0.000000 0.000000 0.000000 0.000000 0.000000 
735158.362148 -0.587785 -0.587785 -0.587785 -0.587785 -0.587785 -0.587785 -0.587785 -0.587785 
735158.372059 -0.951057 -0.951057 -0.951057 -0.951057 -0.951057 -0.951057 -0.951057 -0.951057 
735158.382256 -0.951057 -0.951057 -0.951057 -0.951057 -0.951057 -0.951057 -0.951057 -0.951057 
735158.391401 -0.587785 -0.587785 -0.587785 -0.587785 -0.587785 -0.587785 -0.587785 -0.587785 
735158.401232 -0.000000 -0.000000 -0.000000 -0.000000 -0.000000 -0.000000 -0.000000 -0.000000 
735158.411878 0.587785 0.587785 0.587785 0.587785 0.587785 0.587785 0.587785 0.587785 
735158.422525 0.951057 0.951057 0.951057 0.951057 0.951057 0.951057 0.951057 0.951057 
735158.432429 0.951057 0.951057 0.951057 0.951057 0.951057 0.951057 0.951057 0.951057 
735158.442709 0.587785 0.587785 0.587785 0.587785 0.587785 0.587785 0.587785 0.587785 
735158.451580 0.000000 0.000000 0.000000 0.000000 0.000000 0.000000 0.000000 0.000000 
735158.461902 -0.587785 -0.587785 -0.587785 -0.587785 -0.587785 -0.587785 -0.587785 -0.587785 
735158.471922 -0.951057 -0.951057 -0.951057 -0.951057 -0.951057 -0.951057 -0.951057 -0.951057 
735158.480925 -0.951057 -0.951057 -0.951057 -0.951057 -0.951057 -0.951057 -0.951057 -0.951057 
735158.492147 -0.587785 -0.587785 -0.587785 -0.587785 -0.587785 -0.587785 -0.587785 -0.587785 
735158.500907 -0.000000 -0.000000 -0.000000 -0.000000 -0.000000 -0.000000 -0.000000 -0.000000 
735158.510807 0.587785 0.587785 0.587785 0.587785 0.587785 0.587785 0.587785 0.587785 
735158.521102 0.951057 0.951057 0.951057 0.951057 0.951057 0.951057 0.951057 0.951057 
735158.530953 0.951057 0.951057 0.951057 0.951057 0.951057 0.951057 0.951057 0.951057 
735158.541221 0.587785 0.587785 0.587785 0.587785 0.587785 0.587785 0.587785 0.587785 
735158.550957 0.000000 0.000000 0.000000 0.000000 0.000000 0.000000 0.000000 0.000000 
735158.561875 -0.587785 -0.587785 -0.587785 -0.587785 -0.587785 -0.587785 -0.587785 -0.587785 
735158.571088 -0.951057 -0.951057 -0.951057 -0.951057 -0.951057 -0.951057 -0.951057 -0.951057 
735158.580911 -0.951057 -0.951057 -0.951057 -0.951057 -0.951057 -0.951057 -0.951057 -0.951057 
735158.591256 -0.587785 -0.587785 -0.587785 -0.587785 -0.587785 -0.587785 -0.587785 -0.587785 
735158.602584 -0.000000 -0.000000 -0.000000 -0.000000 -0.000000 -0.000000 -0.000000 -0.000000 
735158.611355 0.587785 0.587785 0.587785 0.587785 0.587785 0.587785 0.587785 0.587785 
735158.621309 0.951057 0.951057 0.951057 0.951057 0.951057 0.951057 0.951057 0.951057 
735158.632389 0.951057 0.951057 0.951057 0.951057 0.951057 0.951057 0.951057 0.951057 
735158.642302 0.587785 0.587785 0.587785 0.587785 0.587785 0.587785 0.587785 0.587785 
735158.651339 -0.000000 -0.000000 -0.000000 -0.000000 -0.000000 -0.000000 -0.000000 -0.000000 
735158.661907 -0.587785 -0.587785 -0.587785 -0.587785 -0.587785 -0.587785 -0.587785 -0.587785 
735158.671854 -0.951057 -0.951057 -0.951057 -0.951057 -0.951057 -0.951057 -0.951057 -0.951057 
735158.681018 -0.951057 -0.951057 -0.951057 -0.951057 -0.951057 -0.951057 -0.951057 -0.951057 
735158.691452 -0.587785 -0.587785 -0.587785 -0.587785 -0.587785 -0.587785 -0.587785 -0.587785 
735158.712724 -0.000000 -0.000000 -0.000000 -0.000000 -0.000000 -0.000000 -0.000000 -0.000000 
735158.739878 0.587785 0.587785 0.587785 0.587785 0.587785 0.587785 0.587785 0.587785 
735158.749960 0.951057 0.951057 0.951057 0.951057 0.951057 0.951057 0.951057 0.951057 
735158.779159 0.951057 0.951057 0.951057 0.951057 0.951057 0.951057 0.951057 0.951057 
735158.790623 0.587785 0.587785 0.587785 0.587785 0.587785 0.587785 0.587785 0.587785 
735158.799525 0.000000 0.000000 0.000000 0.000000 0.000000 0.000000 0.000000 0.000000 
735158.808786 -0.587785 -0.587785 -0.587785 -0.587785 -0.587785 -0.587785 -0.587785 -0.587785 
735158.817124 -0.951057 -0.951057 -0.951057 -0.951057 -0.951057 -0.951057 -0.951057 -0.951057 
735158.825538 -0.951057 -0.951057 -0.951057 -0.951057 -0.951057 -0.951057 -0.951057 -0.951057 
735158.834296 -0.587785 -0.587785 -0.587785 -0.587785 -0.587785 -0.587785 -0.587785 -0.587785 
735158.843217 -0.000000 -0.000000 -0.000000 -0.000000 -0.000000 -0.000000 -0.000000 -0.000000 
735158.851356 0.587785 0.587785 0.587785 0.587785 0.587785 0.587785 0.587785 0.587785 
735158.862115 0.951057 0.951057 0.951057 0.951057 0.951057 0.951057 0.951057 0.951057 
735158.871079 0.951057 0.951057 0.951057 0.951057 0.951057 0.951057 0.951057 0.951057 
735158.880877 0.587785 0.587785 0.587785 0.587785 0.587785 0.587785 0.587785 0.587785 
735158.891250 -0.000000 -0.000000 -0.000000 -0.000000 -0.000000 -0.000000 -0.000000 -0.000000 
735158.900937 -0.587785 -0.587785 -0.587785 -0.587785 -0.587785 -0.587785 -0.587785 -0.587785 
735158.912100 -0.951057 -0.951057 -0.951057 -0.951057 -0.951057 -0.951057 -0.951057 -0.951057 
735158.922841 -0.951057 -0.951057 -0.951057 -0.951057 -0.951057 -0.951057 -0.951057 -0.951057 
735158.931269 -0.587785 -0.587785 -0.587785 -0.587785 -0.587785 -0.587785 -0.587785 -0.587785 
735158.941243 -0.000000 -0.000000 -0.000000 -0.000000 -0.000000 -0.000000 -0.000000 -0.000000 
735158.951098 0.587785 0.587785 0.587785 0.587785 0.587785 0.587785 0.587785 0.587785 
735158.962030 0.951057 0.951057 0.951057 0.951057 0.951057 0.951057 0.951057 0.951057 
735158.971810 0.951057 0.951057 0.951057 0.951057 0.951057 0.951057 0.951057 0.951057 
735158.982337 0.587785 0.587785 0.587785 0.587785 0.587785 0.587785 0.587785 0.587785 
735158.992159 0.000000 0.000000 0.000000 0.000000 0.000000 0.000000 0.000000 0.000000 
735159.002131 -0.587785 -0.587785 -0.587785 -0.587785 -0.587785 -0.587785 -0.587785 -0.587785 
735159.012589 -0.951057 -0.951057 -0.951057 -0.951057 -0.951057 -0.951057 -0.951057 -0.951057 
735159.021600 -0.951057 -0.951057 -0.951057 -0.951057 -0.951057 -0.951057 -0.951057 -0.951057 
735159.032311 -0.587785 -0.587785 -0.587785 -0.587785 -0.587785 -0.587785 -0.587785 -0.587785 
735159.043343 -0.000000 -0.000000 -0.000000 -0.000000 -0.000000 -0.000000 -0.000000 -0.000000 
735159.052536 0.587785 0.587785 0.587785 0.587785 0.587785 0.587785 0.587785 0.587785 
735159.061662 0.951057 0.951057 0.951057 0.951057 0.951057 0.951057 0.951057 0.951057 
735159.070911 0.951057 0.951057 0.951057 0.951057 0.951057 0.951057 0.951057 0.951057 
735159.080985 0.587785 0.587785 0.587785 0.587785 0.587785 0.587785 0.587785 0.587785 
735159.091096 0.000000 0.000000 0.000000 0.000000 0.000000 0.000000 0.000000 0.000000 
735159.101887 -0.587785 -0.587785 -0.587785 -0.587785 -0.587785 -0.587785 -0.587785 -0.587785 
735159.112374 -0.951057 -0.951057 -0.951057 -0.951057 -0.951057 -0.951057 -0.951057 -0.951057 
735159.121867 -0.951057 -0.951057 -0.951057 -0.951057 -0.951057 -0.951057 -0.951057 -0.951057 
735159.131867 -0.587785 -0.587785 -0.587785 -0.587785 -0.587785 -0.587785 -0.587785 -0.587785 
735159.142609 -0.000000 -0.000000 -0.000000 -0.000000 -0.000000 -0.000000 -0.000000 -0.000000 
735159.151562 0.587785 0.587785 0.587785 0.587785 0.587785 0.587785 0.587785 0.587785 
735159.162292 0.951057 0.951057 0.951057 0.951057 0.951057 0.951057 0.951057 0.951057 
735159.171332 0.951057 0.951057 0.951057 0.951057 0.951057 0.951057 0.951057 0.951057 
735159.181316 0.587785 0.587785 0.587785 0.587785 0.587785 0.587785 0.587785 0.587785 
735159.192412 0.000000 0.000000 0.000000 0.000000 0.000000 0.000000 0.000000 0.000000 
735159.202428 -0.587785 -0.587785 -0.587785 -0.587785 -0.587785 -0.587785 -0.587785 -0.587785 
735159.211999 -0.951057 -0.951057 -0.951057 -0.951057 -0.951057 -0.951057 -0.951057 -0.951057 
735159.222677 -0.951057 -0.951057 -0.951057 -0.951057 -0.951057 -0.951057 -0.951057 -0.951057 
735159.232760 -0.587785 -0.587785 -0.587785 -0.587785 -0.587785 -0.587785 -0.587785 -0.587785 
735159.242521 -0.000000 -0.000000 -0.000000 -0.000000 -0.000000 -0.000000 -0.000000 -0.000000 
735159.251202 0.587785 0.587785 0.587785 0.587785 0.587785 0.587785 0.587785 0.587785 
735159.261132 0.951057 0.951057 0.951057 0.951057 0.951057 0.951057 0.951057 0.951057 
735159.271126 0.951057 0.951057 0.951057 0.951057 0.951057 0.951057 0.951057 0.951057 
735159.281135 0.587785 0.587785 0.587785 0.587785 0.587785 0.587785 0.587785 0.587785 
735159.292390 0.000000 0.000000 0.000000 0.000000 0.000000 0.000000 0.000000 0.000000 
735159.301243 -0.587785 -0.587785 -0.587785 -0.587785 -0.587785 -0.587785 -0.587785 -0.587785 
735159.312775 -0.951057 -0.951057 -0.951057 -0.951057 -0.951057 -0.951057 -0.951057 -0.951057 
735159.321510 -0.951057 -0.951057 -0.951057 -0.951057 -0.951057 -0.951057 -0.951057 -0.951057 
735159.331383 -0.587785 -0.587785 -0.587785 -0.587785 -0.587785 -0.587785 -0.587785 -0.587785 
735159.342471 -0.000000 -0.000000 -0.000000 -0.000000 -0.000000 -0.000000 -0.000000 -0.000000 
735159.352038 0.000000 0.000000 0.000000 0.000000 0.000000 0.000000 0.000000 0.000000 
735159.362820 0.587785 0.587785 0.587785 0.587785 0.587785 0.587785 0.587785 0.587785 
735159.371673 0.951057 0.951057 0.951057 0.951057 0.951057 0.951057 0.951057 0.951057 
735159.382798 0.951057 0.951057 0.951057 0.951057 0.951057 0.951057 0.951057 0.951057 
735159.392789 0.587785 0.587785 0.587785 0.587785 0.587785 0.587785 0.587785 0.587785 
735159.402119 0.000000 0.000000 0.000000 0.000000 0.000000 0.000000 0.000000 0.000000 
735159.411185 -0.587785 -0.587785 -0.587785 -0.587785 -0.587785 -0.587785 -0.587785 -0.587785 
735159.421203 -0.951057 -0.951057 -0.951057 -0.951057 -0.951057 -0.951057 -0.951057 -0.951057 
735159.431062 -0.951057 -0.951057 -0.951057 -0.951057 -0.951057 -0.951057 -0.951057 -0.951057 
735159.441515 -0.587785 -0.587785 -0.587785 -0.587785 -0.587785 -0.587785 -0.587785 -0.587785 
735159.451018 -0.000000 -0.000000 -0.000000 -0.000000 -0.000000 -0.000000 -0.000000 -0.000000 
735159.461147 0.587785 0.587785 0.587785 0.587785 0.587785 0.587785 0.587785 0.587785 
735159.471137 0.951057 0.951057 0.951057 0.951057 0.951057 0.951057 0.951057 0.951057 
735159.481187 0.951057 0.951057 0.951057 0.951057 0.951057 0.951057 0.951057 0.951057 
735159.491479 0.587785 0.587785 0.587785 0.587785 0.587785 0.587785 0.587785 0.587785 
735159.501024 0.000000 0.000000 0.000000 0.000000 0.000000 0.000000 0.000000 0.000000 
735159.511081 -0.587785 -0.587785 -0.587785 -0.587785 -0.587785 -0.587785 -0.587785 -0.587785 
735159.521583 -0.951057 -0.951057 -0.951057 -0.951057 -0.951057 -0.951057 -0.951057 -0.951057 
735159.532469 -0.951057 -0.951057 -0.951057 -0.951057 -0.951057 -0.951057 -0.951057 -0.951057 
735159.542641 -0.587785 -0.587785 -0.587785 -0.587785 -0.587785 -0.587785 -0.587785 -0.587785 
735159.551470 -0.000000 -0.000000 -0.000000 -0.000000 -0.000000 -0.000000 -0.000000 -0.000000 
735159.561152 0.587785 0.587785 0.587785 0.587785 0.587785 0.587785 0.587785 0.587785 
735159.571164 0.951057 0.951057 0.951057 0.951057 0.951057 0.951057 0.951057 0.951057 
735159.582322 0.951057 0.951057 0.951057 0.951057 0.951057 0.951057 0.951057 0.951057 
735159.591656 0.587785 0.587785 0.587785 0.587785 0.587785 0.587785 0.587785 0.587785 
735159.602208 0.000000 0.000000 0.000000 0.000000 0.000000 0.000000 0.000000 0.000000 
735159.612057 -0.587785 -0.587785 -0.587785 -0.587785 -0.587785 -0.587785 -0.587785 -0.587785 
735159.622987 -0.951057 -0.951057 -0.951057 -0.951057 -0.951057 -0.951057 -0.951057 -0.951057 
735159.633019 -0.951057 -0.951057 -0.951057 -0.951057 -0.951057 -0.951057 -0.951057 -0.951057 
735159.642513 -0.587785 -0.587785 -0.587785 -0.587785 -0.587785 -0.587785 -0.587785 -0.587785 
735159.651740 -0.000000 -0.000000 -0.000000 -0.000000 -0.000000 -0.000000 -0.000000 -0.000000 
735159.661304 0.587785 0.587785 0.587785 0.587785 0.587785 0.587785 0.587785 0.587785 
735159.671297 0.951057 0.951057 0.951057 0.951057 0.951057 0.951057 0.951057 0.951057 
735159.682050 0.951057 0.951057 0.951057 0.951057 0.951057 0.951057 0.951057 0.951057 
735159.691336 0.587785 0.587785 0.587785 0.587785 0.587785 0.587785 0.587785 0.587785 
735159.701148 -0.000000 -0.000000 -0.000000 -0.000000 -0.000000 -0.000000 -0.000000 -0.000000 
735159.738416 -0.587785 -0.587785 -0.587785 -0.587785 -0.587785 -0.587785 -0.587785 -0.587785 
735159.750320 -0.951057 -0.951057 -0.951057 -0.951057 -0.951057 -0.951057 -0.951057 -0.951057 
735159.764100 -0.951057 -0.951057 -0.951057 -0.951057 -0.951057 -0.951057 -0.951057 -0.951057 
735159.774997 -0.587785 -0.587785 -0.587785 -0.587785 -0.587785 -0.587785 -0.587785 -0.587785 
735159.783172 -0.000000 -0.000000 -0.000000 -0.000000 -0.000000 -0.000000 -0.000000 -0.000000 
735159.791928 0.587785 0.587785 0.587785 0.587785 0.587785 0.587785 0.587785 0.587785 
735159.802034 0.951057 0.951057 0.951057 0.951057 0.951057 0.951057 0.951057 0.951057 
735159.811249 0.951057 0.951057 0.951057 0.951057 0.951057 0.951057 0.951057 0.951057 
735159.821454 0.587785 0.587785 0.587785 0.587785 0.587785 0.587785 0.587785 0.587785 
735159.831248 0.000000 0.000000 0.000000 0.000000 0.000000 0.000000 0.000000 0.000000 
735159.841967 -0.587785 -0.587785 -0.587785 -0.587785 -0.587785 -0.587785 -0.587785 -0.587785 
735159.852755 -0.951057 -0.951057 -0.951057 -0.951057 -0.951057 -0.951057 -0.951057 -0.951057 
735159.863707 -0.951057 -0.951057 -0.951057 -0.951057 -0.951057 -0.951057 -0.951057 -0.951057 
735159.874147 -0.587785 -0.587785 -0.587785 -0.587785 -0.587785 -0.587785 -0.587785 -0.587785 
735159.884322 -0.000000 -0.000000 -0.000000 -0.000000 -0.000000 -0.000000 -0.000000 -0.000000 
735159.893183 0.587785 0.587785 0.587785 0.587785 0.587785 0.587785 0.587785 0.587785 
735159.904439 0.951057 0.951057 0.951057 0.951057 0.951057 0.951057 0.951057 0.951057 
735159.914989 0.951057 0.951057 0.951057 0.951057 0.951057 0.951057 0.951057 0.951057 
735159.923987 0.587785 0.587785 0.587785 0.587785 0.587785 0.587785 0.587785 0.587785 
735159.932226 -0.000000 -0.000000 -0.000000 -0.000000 -0.000000 -0.000000 -0.000000 -0.000000 
735159.942253 -0.587785 -0.587785 -0.587785 -0.587785 -0.587785 -0.587785 -0.587785 -0.587785 
735159.952802 -0.951057 -0.951057 -0.951057 -0.951057 -0.951057 -0.951057 -0.951057 -0.951057 
735159.961863 -0.951057 -0.951057 -0.951057 -0.951057 -0.951057 -0.951057 -0.951057 -0.951057 
735159.971222 -0.587785 -0.587785 -0.587785 -0.587785 -0.587785 -0.587785 -0.587785 -0.587785 
735159.981235 -0.000000 -0.000000 -0.000000 -0.000000 -0.000000 -0.000000 -0.000000 -0.000000 
735159.991425 0.587785 0.587785 0.587785 0.587785 0.587785 0.587785 0.587785 0.587785 
735160.002738 0.951057 0.951057 0.951057 0.951057 0.951057 0.951057 0.951057 0.951057 
735160.011683 0.951057 0.951057 0.951057 0.951057 0.951057 0.951057 0.951057 0.951057 
735160.021242 0.587785 0.587785 0.587785 0.587785 0.587785 0.587785 0.587785 0.587785 
735160.031332 0.000000 0.000000 0.000000 0.000000 0.000000 0.000000 0.000000 0.000000 
735160.041636 -0.587785 -0.587785 -0.587785 -0.587785 -0.587785 -0.587785 -0.587785 -0.587785 
735160.051548 -0.951057 -0.951057 -0.951057 -0.951057 -0.951057 -0.951057 -0.951057 -0.951057 
735160.061320 -0.951057 -0.951057 -0.951057 -0.951057 -0.951057 -0.951057 -0.951057 -0.951057 
735160.071637 -0.587785 -0.587785 -0.587785 -0.587785 -0.587785 -0.587785 -0.587785 -0.587785 
735160.082120 -0.000000 -0.000000 -0.000000 -0.000000 -0.000000 -0.000000 -0.000000 -0.000000 
735160.091434 0.587785 0.587785 0.587785 0.587785 0.587785 0.587785 0.587785 0.587785 
735160.101134 0.951057 0.951057 0.951057 0.951057 0.951057 0.951057 0.951057 0.951057 
735160.111436 0.951057 0.951057 0.951057 0.951057 0.951057 0.951057 0.951057 0.951057 
735160.121531 0.587785 0.587785 0.587785 0.587785 0.587785 0.587785 0.587785 0.587785 
735160.131278 0.000000 0.000000 0.000000 0.000000 0.000000 0.000000 0.000000 0.000000 
735160.142546 -0.587785 -0.587785 -0.587785 -0.587785 -0.587785 -0.587785 -0.587785 -0.587785 
735160.151337 -0.951057 -0.951057 -0.951057 -0.951057 -0.951057 -0.951057 -0.951057 -0.951057 
735160.161698 -0.951057 -0.951057 -0.951057 -0.951057 -0.951057 -0.951057 -0.951057 -0.951057 
735160.171566 -0.587785 -0.587785 -0.587785 -0.587785 -0.587785 -0.587785 -0.587785 -0.587785 
735160.182474 -0.000000 -0.000000 -0.000000 -0.000000 -0.000000 -0.000000 -0.000000 -0.000000 
735160.192376 0.587785 0.587785 0.587785 0.587785 0.587785 0.587785 0.587785 0.587785 
735160.202985 0.951057 0.951057 0.951057 0.951057 0.951057 0.951057 0.951057 0.951057 
735160.212123 0.951057 0.951057 0.951057 0.951057 0.951057 0.951057 0.951057 0.951057 
735160.222421 0.587785 0.587785 0.587785 0.587785 0.587785 0.587785 0.587785 0.587785 
735160.231558 0.000000 0.000000 0.000000 0.000000 0.000000 0.000000 0.000000 0.000000 
735160.250438 -0.587785 -0.587785 -0.587785 -0.587785 -0.587785 -0.587785 -0.587785 -0.587785 
735160.261315 -0.951057 -0.951057 -0.951057 -0.951057 -0.951057 -0.951057 -0.951057 -0.951057 
735160.272785 -0.951057 -0.951057 -0.951057 -0.951057 -0.951057 -0.951057 -0.951057 -0.951057 
735160.281712 -0.587785 -0.587785 -0.587785 -0.587785 -0.587785 -0.587785 -0.587785 -0.587785 
735160.291556 -0.000000 -0.000000 -0.000000 -0.000000 -0.000000 -0.000000 -0.000000 -0.000000 
735160.301427 0.587785 0.587785 0.587785 0.587785 0.587785 0.587785 0.587785 0.587785 
735160.311376 0.951057 0.951057 0.951057 0.951057 0.951057 0.951057 0.951057 0.951057 
735160.321273 0.951057 0.951057 0.951057 0.951057 0.951057 0.951057 0.951057 0.951057 
735160.332385 0.587785 0.587785 0.587785 0.587785 0.587785 0.587785 0.587785 0.587785 
735160.341718 0.000000 0.000000 0.000000 0.000000 0.000000 0.000000 0.000000 0.000000 
735160.350446 -0.587785 -0.587785 -0.587785 -0.587785 -0.587785 -0.587785 -0.587785 -0.587785 
735160.363599 -0.951057 -0.951057 -0.951057 -0.951057 -0.951057 -0.951057 -0.951057 -0.951057 
735160.371913 -0.951057 -0.951057 -0.951057 -0.951057 -0.951057 -0.951057 -0.951057 -0.951057 
735160.380445 -0.587785 -0.587785 -0.587785 -0.587785 -0.587785 -0.587785 -0.587785 -0.587785 
735160.391859 -0.000000 -0.000000 -0.000000 -0.000000 -0.000000 -0.000000 -0.000000 -0.000000 
735160.403100 0.000000 0.000000 0.000000 0.000000 0.000000 0.000000 0.000000 0.000000 
735160.414290 0.587785 0.587785 0.587785 0.587785 0.587785 0.587785 0.587785 0.587785 
735160.422502 0.951057 0.951057 0.951057 0.951057 0.951057 0.951057 0.951057 0.951057 
735160.433269 0.951057 0.951057 0.951057 0.951057 0.951057 0.951057 0.951057 0.951057 
735160.442737 0.587785 0.587785 0.587785 0.587785 0.587785 0.587785 0.587785 0.587785 
735160.453604 0.000000 0.000000 0.000000 0.000000 0.000000 0.000000 0.000000 0.000000 
735160.464411 -0.587785 -0.587785 -0.587785 -0.587785 -0.587785 -0.587785 -0.587785 -0.587785 
735160.472392 -0.951057 -0.951057 -0.951057 -0.951057 -0.951057 -0.951057 -0.951057 -0.951057 
735160.482816 -0.951057 -0.951057 -0.951057 -0.951057 -0.951057 -0.951057 -0.951057 -0.951057 
735160.492310 -0.587785 -0.587785 -0.587785 -0.587785 -0.587785 -0.587785 -0.587785 -0.587785 
735160.503697 -0.000000 -0.000000 -0.000000 -0.000000 -0.000000 -0.000000 -0.000000 -0.000000 
735160.515516 0.587785 0.587785 0.587785 0.587785 0.587785 0.587785 0.587785 0.587785 
735160.525012 0.951057 0.951057 0.951057 0.951057 0.951057 0.951057 0.951057 0.951057 
735160.536030 0.951057 0.951057 0.951057 0.951057 0.951057 0.951057 0.951057 0.951057 
735160.544982 0.587785 0.587785 0.587785 0.587785 0.587785 0.587785 0.587785 0.587785 
735160.555777 0.000000 0.000000 0.000000 0.000000 0.000000 0.000000 0.000000 0.000000 
735160.566355 -0.587785 -0.587785 -0.587785 -0.587785 -0.587785 -0.587785 -0.587785 -0.587785 
735160.576112 -0.951057 -0.951057 -0.951057 -0.951057 -0.951057 -0.951057 -0.951057 -0.951057 
735160.586758 -0.951057 -0.951057 -0.951057 -0.951057 -0.951057 -0.951057 -0.951057 -0.951057 
735160.595883 -0.587785 -0.587785 -0.587785 -0.587785 -0.587785 -0.587785 -0.587785 -0.587785 
735160.607255 -0.000000 -0.000000 -0.000000 -0.000000 -0.000000 -0.000000 -0.000000 -0.000000 
735160.618401 0.587785 0.587785 0.587785 0.587785 0.587785 0.587785 0.587785 0.587785 
735160.627746 0.951057 0.951057 0.951057 0.951057 0.951057 0.951057 0.951057 0.951057 
735160.630531 0.951057 0.951057 0.951057 0.951057 0.951057 0.951057 0.951057 0.951057 
735160.642749 0.587785 0.587785 0.587785 0.587785 0.587785 0.587785 0.587785 0.587785 
735160.652935 0.000000 0.000000 0.000000 0.000000 0.000000 0.000000 0.000000 0.000000 
735160.663657 -0.587785 -0.587785 -0.587785 -0.587785 -0.587785 -0.587785 -0.587785 -0.587785 
735160.671511 -0.951057 -0.951057 -0.951057 -0.951057 -0.951057 -0.951057 -0.951057 -0.951057 
735160.681634 -0.951057 -0.951057 -0.951057 -0.951057 -0.951057 -0.951057 -0.951057 -0.951057 
735160.691523 -0.587785 -0.587785 -0.587785 -0.587785 -0.587785 -0.587785 -0.587785 -0.587785 
735160.710471 -0.000000 -0.000000 -0.000000 -0.000000 -0.000000 -0.000000 -0.000000 -0.000000 
735160.712566 0.587785 0.587785 0.587785 0.587785 0.587785 0.587785 0.587785 0.587785 
735160.746142 0.951057 0.951057 0.951057 0.951057 0.951057 0.951057 0.951057 0.951057 
735160.750447 0.951057 0.951057 0.951057 0.951057 0.951057 0.951057 0.951057 0.951057 
735160.769808 0.587785 0.587785 0.587785 0.587785 0.587785 0.587785 0.587785 0.587785 
735160.789442 -0.000000 -0.000000 -0.000000 -0.000000 -0.000000 -0.000000 -0.000000 -0.000000 
735160.800563 -0.587785 -0.587785 -0.587785 -0.587785 -0.587785 -0.587785 -0.587785 -0.587785 
735160.810168 -0.951057 -0.951057 -0.951057 -0.951057 -0.951057 -0.951057 -0.951057 -0.951057 
735160.820505 -0.951057 -0.951057 -0.951057 -0.951057 -0.951057 -0.951057 -0.951057 -0.951057 
735160.832038 -0.587785 -0.587785 -0.587785 -0.587785 -0.587785 -0.587785 -0.587785 -0.587785 
735160.841784 -0.000000 -0.000000 -0.000000 -0.000000 -0.000000 -0.000000 -0.000000 -0.000000 
735160.851465 0.587785 0.587785 0.587785 0.587785 0.587785 0.587785 0.587785 0.587785 
735160.861001 0.951057 0.951057 0.951057 0.951057 0.951057 0.951057 0.951057 0.951057 
735160.870492 0.951057 0.951057 0.951057 0.951057 0.951057 0.951057 0.951057 0.951057 
735160.880553 0.587785 0.587785 0.587785 0.587785 0.587785 0.587785 0.587785 0.587785 
735160.893221 0.000000 0.000000 0.000000 0.000000 0.000000 0.000000 0.000000 0.000000 
735160.903552 -0.587785 -0.587785 -0.587785 -0.587785 -0.587785 -0.587785 -0.587785 -0.587785 
735160.914863 -0.951057 -0.951057 -0.951057 -0.951057 -0.951057 -0.951057 -0.951057 -0.951057 
735160.923183 -0.951057 -0.951057 -0.951057 -0.951057 -0.951057 -0.951057 -0.951057 -0.951057 
735160.934375 -0.587785 -0.587785 -0.587785 -0.587785 -0.587785 -0.587785 -0.587785 -0.587785 
735160.943108 -0.000000 -0.000000 -0.000000 -0.000000 -0.000000 -0.000000 -0.000000 -0.000000 
735160.951356 0.587785 0.587785 0.587785 0.587785 0.587785 0.587785 0.587785 0.587785 
735160.960664 0.951057 0.951057 0.951057 0.951057 0.951057 0.951057 0.951057 0.951057 
735160.971217 0.951057 0.951057 0.951057 0.951057 0.951057 0.951057 0.951057 0.951057 
735160.981867 0.587785 0.587785 0.587785 0.587785 0.587785 0.587785 0.587785 0.587785 
735160.992079 -0.000000 -0.000000 -0.000000 -0.000000 -0.000000 -0.000000 -0.000000 -0.000000 
735161.002471 -0.587785 -0.587785 -0.587785 -0.587785 -0.587785 -0.587785 -0.587785 -0.587785 
735161.010919 -0.951057 -0.951057 -0.951057 -0.951057 -0.951057 -0.951057 -0.951057 -0.951057 
735161.021062 -0.951057 -0.951057 -0.951057 -0.951057 -0.951057 -0.951057 -0.951057 -0.951057 
735161.032022 -0.587785 -0.587785 -0.587785 -0.587785 -0.587785 -0.587785 -0.587785 -0.587785 
735161.041911 -0.000000 -0.000000 -0.000000 -0.000000 -0.000000 -0.000000 -0.000000 -0.000000 
735161.051774 0.587785 0.587785 0.587785 0.587785 0.587785 0.587785 0.587785 0.587785 
735161.061015 0.951057 0.951057 0.951057 0.951057 0.951057 0.951057 0.951057 0.951057 
735161.070500 0.951057 0.951057 0.951057 0.951057 0.951057 0.951057 0.951057 0.951057 
735161.080534 0.587785 0.587785 0.587785 0.587785 0.587785 0.587785 0.587785 0.587785 
735161.090888 0.000000 0.000000 0.000000 0.000000 0.000000 0.000000 0.000000 0.000000 
735161.100649 -0.587785 -0.587785 -0.587785 -0.587785 -0.587785 -0.587785 -0.587785 -0.587785 
735161.111713 -0.951057 -0.951057 -0.951057 -0.951057 -0.951057 -0.951057 -0.951057 -0.951057 
735161.124463 -0.951057 -0.951057 -0.951057 -0.951057 -0.951057 -0.951057 -0.951057 -0.951057 
735161.134625 -0.587785 -0.587785 -0.587785 -0.587785 -0.587785 -0.587785 -0.587785 -0.587785 
735161.143821 -0.000000 -0.000000 -0.000000 -0.000000 -0.000000 -0.000000 -0.000000 -0.000000 
735161.154458 0.587785 0.587785 0.587785 0.587785 0.587785 0.587785 0.587785 0.587785 
735161.162787 0.951057 0.951057 0.951057 0.951057 0.951057 0.951057 0.951057 0.951057 
735161.171538 0.951057 0.951057 0.951057 0.951057 0.951057 0.951057 0.951057 0.951057 
735161.181381 0.587785 0.587785 0.587785 0.587785 0.587785 0.587785 0.587785 0.587785 
735161.191466 0.000000 0.000000 0.000000 0.000000 0.000000 0.000000 0.000000 0.000000 
